0.6666666666666666
0.5
0.3333333333333333
0.7142857142857143
0.5714285714285714
0.375
0.3
0.7
0.45454545454545453
0.45454545454545453
0.5833333333333334
0.5625
0.5625
0.6470588235294118
0.6470588235294118
0.5555555555555556
0.5555555555555556
0.5
0.5789473684210527
0.47368421052631576
0.55
0.55
0.6
0.7142857142857143
0.42857142857142855
0.45454545454545453
0.5909090909090909
0.6363636363636364
0.5652173913043478
0.6521739130434783
0.6666666666666666
0.35294117647058826
0.5882352941176471
0.45714285714285713
0.5714285714285714
0.5
0.4722222222222222
0.5555555555555556
0.43243243243243246
0.4594594594594595
0.47368421052631576
0.34210526315789475
0.5263157894736842
0.38461538461538464
0.358974358974359
0.475
0.425
0.4
0.36585365853658536
0.5121951219512195
0.30952380952380953
0.37755102040816324
0.34210526315789475
0.3048780487804878
0.32323232323232326
0.29838709677419356
0.25
0.18548387096774194
0.248
0.272
0.23809523809523808
0.20634920634920634
0.30158730158730157
0.1732283464566929
0.13385826771653545
0.2109375
0.21052631578947367
0.1917808219178082
0.2558139534883721
0.13953488372093023
0.3076923076923077
0.25862068965517243
0.18461538461538463
0.16793893129770993
0.17557251908396945
0.1893939393939394
0.2878787878787879
0.18181818181818182
0.21052631578947367
0.34146341463414637
0.20618556701030927
0.23880597014925373
0.15671641791044777
0.31313131313131315
0.24444444444444444
0.23529411764705882
0.21323529411764705
0.19852941176470587
0.31386861313868614
0.1897810218978102
0.3188405797101449
0.2898550724637681
0.14492753623188406
0.34210526315789475
0.19424460431654678
0.2571428571428571
0.34285714285714286
0.30714285714285716
0.2127659574468085
0.2624113475177305
0.31690140845070425
0.19014084507042253
0.28169014084507044
0.2937062937062937
0.4
0.2636363636363636
0.3770491803278688
0.3125
0.36551724137931035
0.43283582089552236
0.3082191780821918
0.3561643835616438
0.3082191780821918
0.2925170068027211
0.3274336283185841
0.3581081081081081
0.3108108108108108
0.1554054054054054
0.40310077519379844
0.6451612903225806
0.37333333333333335
0.5268817204301075
0.3333333333333333
0.3611111111111111
0.41721854304635764
0.46710526315789475
0.5592105263157895
0.5405405405405406
0.5070422535211268
0.49557522123893805
0.4946236559139785
0.6341463414634146
0.6623376623376623
0.5096774193548387
0.6973684210526315
0.6037735849056604
0.868421052631579
0.5897435897435898
0.47770700636942676
0.37579617834394907
0.2974683544303797
0.25949367088607594
0.5
0.5786163522012578
0.7027027027027027
0.4125
0.3875
0.43410852713178294
0.5590062111801242
0.6024844720496895
0.5197368421052632
0.541095890410959
0.5643564356435643
0.725
0.43564356435643564
0.803921568627451
0.5297029702970297
0.49504950495049505
0.5495049504950495
0.6923076923076923
0.8947368421052632
0.400990099009901
0.5643564356435643
0.4405940594059406
0.6818181818181818
0.8974358974358975
0.6138613861386139
0.6021505376344086
0.49504950495049505
0.504950495049505
0.5
0.48514851485148514
0.3684210526315789
0.5
0.4900990099009901
0.4504950495049505
0.717948717948718
0.3217821782178218
0.5346534653465347
0.631578947368421
0.48514851485148514
0.5555555555555556
0.44554455445544555
0.6470588235294118
0.47029702970297027
0.38613861386138615
0.40594059405940597
0.35555555555555557
0.6140350877192983
0.46534653465346537
0.40594059405940597
0.49504950495049505
0.631578947368421
0.29207920792079206
0.5177664974619289
0.4306930693069307
0.4405940594059406
0.4954954954954955
0.7358490566037735
0.7162162162162162
0.5099009900990099
0.504950495049505
0.4801980198019802
0.39603960396039606
0.3191489361702128
0.5416666666666666
0.19653179190751446
0.47029702970297027
0.48484848484848486
0.5681818181818182
0.5643564356435643
0.5702479338842975
0.6188118811881188
0.4496124031007752
0.4444444444444444
0.3465346534653465
0.6046511627906976
0.41414141414141414
0.504950495049505
0.45625
0.4470588235294118
0.5268817204301075
0.480225988700565
0.59
0.4482758620689655
0.4900990099009901
0.627906976744186
0.42857142857142855
0.5149253731343284
0.43564356435643564
0.6485148514851485
0.6237623762376238
0.19801980198019803
0.28346456692913385
0.3564356435643564
0.5853658536585366
0.599009900990099
0.43609022556390975
0.46285714285714286
0.4900990099009901
0.5198019801980198
0.5434782608695652
0.46534653465346537
0.37623762376237624
0.5396039603960396
0.4936708860759494
0.6304347826086957
0.5693069306930693
0.5643564356435643
0.594059405940594
0.5891089108910891
0.5543478260869565
0.4158415841584158
0.37254901960784315
0.47029702970297027
0.44554455445544555
0.5792079207920792
0.39855072463768115
0.5346534653465347
0.5891089108910891
0.5578947368421052
0.5714285714285714
0.5862068965517241
0.5643564356435643
0.5693069306930693
0.693069306930693
0.2623762376237624
0.3564356435643564
0.5841584158415841
0.599009900990099
0.6485148514851485
0.5445544554455446
0.5544554455445545
0.6435643564356436
0.4207920792079208
0.3712871287128713
0.34
0.4647058823529412
0.5
0.6386138613861386
0.5178571428571429
0.6063829787234043
0.698019801980198
0.504
0.4603960396039604
0.49504950495049505
0.6386138613861386
0.4405940594059406
0.4666666666666667
0.6782178217821783
0.6782178217821783
0.400990099009901
0.6584158415841584
0.594059405940594
0.5891089108910891
0.37623762376237624
0.43859649122807015
0.20812182741116753
0.5
0.5777777777777777
0.25
0.3262411347517731
0.4504950495049505
0.32954545454545453
0.37209302325581395
0.4752475247524752
0.4504950495049505
0.43846153846153846
0.26732673267326734
0.4431818181818182
0.39344262295081966
0.43636363636363634
0.504
0.408
0.7837837837837838
0.48091603053435117
0.4915254237288136
0.5346534653465347
0.42857142857142855
0.5229357798165137
0.3493150684931507
0.5104166666666666
0.5445544554455446
0.35148514851485146
0.5384615384615384
0.504950495049505
0.3069306930693069
0.46534653465346537
0.46534653465346537
0.35148514851485146
0.23943661971830985
0.39869281045751637
0.6018518518518519
0.43506493506493504
0.4756756756756757
0.5714285714285714
0.6237623762376238
0.618421052631579
0.46236559139784944
0.42857142857142855
0.4336283185840708
0.4752475247524752
0.6287128712871287
0.3613861386138614
0.18316831683168316
0.4785714285714286
0.5891089108910891
0.4306930693069307
0.5
0.24752475247524752
0.5643564356435643
0.313953488372093
0.5346534653465347
0.4306930693069307
0.4801980198019802
0.25742574257425743
0.44366197183098594
0.3910891089108911
0.5428571428571428
0.3217821782178218
0.4801980198019802
0.36633663366336633
0.38414634146341464
0.6435643564356436
0.40336134453781514
0.23267326732673269
0.5271317829457365
0.574468085106383
0.5544554455445545
0.46596858638743455
0.6039603960396039
0.3118811881188119
0.4801980198019802
0.563953488372093
0.5
0.5148514851485149
0.5638297872340425
0.532608695652174
0.4603960396039604
0.29207920792079206
0.4585987261146497
0.31683168316831684
0.47029702970297027
0.4504950495049505
0.45544554455445546
0.3493975903614458
0.40131578947368424
0.48
0.6584158415841584
0.39520958083832336
0.5377358490566038
0.6282051282051282
0.5099009900990099
0.36633663366336633
0.5106382978723404
0.7317073170731707
0.59375
0.400990099009901
0.6138613861386139
0.6904761904761905
