0.0
0.0
0.0
0.0
0.0
0.0
0.2
0.0
0.18181818181818182
0.09090909090909091
0.0
0.0625
0.0
0.0
0.0
0.05555555555555555
0.0
0.0
0.0
0.05263157894736842
0.05
0.0
0.0
0.047619047619047616
0.0
0.045454545454545456
0.13636363636363635
0.045454545454545456
0.08695652173913043
0.043478260869565216
0.0
0.08823529411764706
0.0
0.14285714285714285
0.08571428571428572
0.1111111111111111
0.16666666666666666
0.08333333333333333
0.13513513513513514
0.08108108108108109
0.23684210526315788
0.2894736842105263
0.23684210526315788
0.3333333333333333
0.20512820512820512
0.2
0.25
0.2
0.2926829268292683
0.17073170731707318
0.23809523809523808
0.21428571428571427
0.2236842105263158
0.3048780487804878
0.30303030303030304
0.3629032258064516
0.2903225806451613
0.23387096774193547
0.2
0.224
0.3492063492063492
0.30158730158730157
0.1746031746031746
0.2992125984251969
0.29133858267716534
0.296875
0.2894736842105263
0.1917808219178082
0.27906976744186046
0.2558139534883721
0.16153846153846155
0.35344827586206895
0.18461538461538463
0.22137404580152673
0.29770992366412213
0.25
0.21212121212121213
0.42424242424242425
0.21052631578947367
0.17073170731707318
0.15463917525773196
0.1417910447761194
0.2537313432835821
0.1919191919191919
0.22962962962962963
0.14705882352941177
0.18382352941176472
0.2426470588235294
0.16058394160583941
0.10948905109489052
0.14492753623188406
0.18840579710144928
0.2318840579710145
0.2631578947368421
0.1510791366906475
0.07857142857142857
0.1
0.1357142857142857
0.19858156028368795
0.1347517730496454
0.11971830985915492
0.14084507042253522
0.1267605633802817
0.11188811188811189
0.11764705882352941
0.15454545454545454
0.18032786885245902
0.09722222222222222
0.11724137931034483
0.11940298507462686
0.11643835616438356
0.136986301369863
0.2465753424657534
0.08843537414965986
0.18584070796460178
0.10135135135135136
0.033783783783783786
0.0472972972972973
0.06976744186046512
0.04838709677419355
0.25333333333333335
0.043010752688172046
0.02666666666666667
0.05555555555555555
0.09271523178807947
0.09868421052631579
0.046052631578947366
0.08108108108108109
0.09859154929577464
0.017699115044247787
0.053763440860215055
0.0
0.025974025974025976
0.03225806451612903
0.013157894736842105
0.0
0.05263157894736842
0.05128205128205128
0.01910828025477707
0.0
0.0
0.0189873417721519
0.02531645569620253
0.11949685534591195
0.08108108108108109
0.09375
0.00625
0.015503875968992248
0.012422360248447204
0.0
0.0
0.02054794520547945
0.01485148514851485
0.0
0.0049504950495049506
0.0
0.054455445544554455
0.01485148514851485
0.039603960396039604
0.0
0.02631578947368421
0.0049504950495049506
0.039603960396039604
0.0594059405940594
0.0
0.0
0.06435643564356436
0.043010752688172046
0.0297029702970297
0.054455445544554455
0.13861386138613863
0.0297029702970297
0.07894736842105263
0.01485148514851485
0.09405940594059406
0.009900990099009901
0.05128205128205128
0.009900990099009901
0.04950495049504951
0.0
0.0594059405940594
0.0
0.10891089108910891
0.00980392156862745
0.034653465346534656
0.04455445544554455
0.01485148514851485
0.0
0.017543859649122806
0.019801980198019802
0.04455445544554455
0.054455445544554455
0.0
0.04950495049504951
0.04568527918781726
0.04455445544554455
0.0
0.009009009009009009
0.0
0.05405405405405406
0.09405940594059406
0.0594059405940594
0.054455445544554455
0.019801980198019802
0.010638297872340425
0.020833333333333332
0.017341040462427744
0.07920792079207921
0.024242424242424242
0.045454545454545456
0.0594059405940594
0.04132231404958678
0.01485148514851485
0.015503875968992248
0.06349206349206349
0.034653465346534656
0.06976744186046512
0.030303030303030304
0.034653465346534656
0.01875
0.08235294117647059
0.010752688172043012
0.011299435028248588
0.07
0.0
0.01485148514851485
0.023255813953488372
0.027210884353741496
0.03731343283582089
0.01485148514851485
0.009900990099009901
0.0
0.0
0.015748031496062992
0.0049504950495049506
0.024390243902439025
0.019801980198019802
0.03759398496240601
0.011428571428571429
0.009900990099009901
0.0297029702970297
0.043478260869565216
0.01485148514851485
0.009900990099009901
0.0049504950495049506
0.0
0.0
0.0049504950495049506
0.01485148514851485
0.019801980198019802
0.009900990099009901
0.03260869565217391
0.0
0.0196078431372549
0.009900990099009901
0.01485148514851485
0.019801980198019802
0.043478260869565216
0.009900990099009901
0.009900990099009901
0.010526315789473684
0.04081632653061224
0.034482758620689655
0.0297029702970297
0.009900990099009901
0.0297029702970297
0.0
0.024752475247524754
0.024752475247524754
0.054455445544554455
0.009900990099009901
0.019801980198019802
0.009900990099009901
0.01485148514851485
0.0049504950495049506
0.0049504950495049506
0.01
0.011764705882352941
0.01485148514851485
0.039603960396039604
0.03571428571428571
0.06382978723404255
0.0
0.024
0.009900990099009901
0.0
0.0
0.0049504950495049506
0.006666666666666667
0.01485148514851485
0.0049504950495049506
0.0
0.009900990099009901
0.0
0.009900990099009901
0.0049504950495049506
0.0
0.005076142131979695
0.022388059701492536
0.0
0.022727272727272728
0.0070921985815602835
0.024752475247524754
0.0
0.011627906976744186
0.0
0.0
0.007692307692307693
0.0049504950495049506
0.0
0.01092896174863388
0.01818181818181818
0.008
0.016
0.05405405405405406
0.030534351145038167
0.01694915254237288
0.0
0.04285714285714286
0.05504587155963303
0.0
0.010416666666666666
0.0
0.0049504950495049506
0.0
0.0
0.0049504950495049506
0.0
0.0
0.0
0.0
0.0
0.009259259259259259
0.006493506493506494
0.02702702702702703
0.011904761904761904
0.0049504950495049506
0.013157894736842105
0.021505376344086023
0.02142857142857143
0.017699115044247787
0.0
0.0
0.0049504950495049506
0.009900990099009901
0.007142857142857143
0.0
0.0
0.0
0.0
0.0
0.005813953488372093
0.0
0.0
0.0
0.0049504950495049506
0.007042253521126761
0.0
0.0
0.0
0.0
0.0
0.006097560975609756
0.019801980198019802
0.0
0.0
0.015503875968992248
0.0
0.0049504950495049506
0.005235602094240838
0.009900990099009901
0.0
0.0
0.0
0.038461538461538464
0.019801980198019802
0.010638297872340425
0.010869565217391304
0.0
0.0
0.006369426751592357
0.0
0.0
0.0049504950495049506
0.0
0.006024096385542169
0.0
0.02
0.0
0.0
0.018867924528301886
0.0
0.0
0.0
0.02127659574468085
0.0
0.015625
0.009900990099009901
0.0
0.023809523809523808
