10.605442176870758
10.559322033898315
12.209125475285182
8.80769230769232
13.391891891891905
12.025641025641042
10.8227848101266
27.921810699588463
11.222408026755872
15.027859237536676
21.355623100303937
33.23711340206182
33.50943396226413
43.73880597014922
37.274647887323894
40.056603773584875
19.985507246376773
16.830258302582966
17.436026936026888
40.85971223021577
29.735099337748274
42.95950155763235
25.087719298245553
31.166666666666586
44.04545454545446
47.394160583941506
34.97701149425278
26.97468354430371
41.624999999999915
52.689189189189094
21.222591362126142
20.037037037036992
37.2635658914727
43.21428571428553
63.68081180811825
26.16403785488943
82.37174721189623
25.47826086956504
47.073770491803145
2.4790209790210227
39.39416058394139
15.700315457413181
23.40282685512352
56.31227436823087
54.32550335570453
52.24334600760436
53.48242811501576
53.71794871794858
59.04545454545443
49.352941176470395
74.40636042402818
-69.56219931271511
30.500000000001222
-89.217948717949
-73.09240924092455
87.3055555555584
39.265822784809316
230.45283018868128
73.70071684588042
11.325503355703988
87.94339622641768
6.841269841269593
210.92739273927603
154.85443037974912
153.41176470588402
168.48407643312302
-34.31350482314936
-75.14892086330977
123.96153846154084
117.31818181818262
226.42857142857437
-67.84482758620754
261.2411347517757
236.9054982817884
110.97058823529511
176.13836477987664
235.81818181818426
153.23076923077085
233.91152263374659
0.5764705882367167
-11.97058823529251
263.0970873786429
15.802547770699814
28.89352750809266
72.50000000000226
177.95469255663647
141.23076923077048
149.85714285714502
157.42592592592877
270.600346020762
311.0738007380074
276.16129032258175
199.13880126183258
-90.93333333333364
251.11068702290385
356.5232974910378
428.16849816849333
86.79442508710986
168.0321100917459
245.62903225806687
258.0322580645178
206.34375000000222
209.44280442804734
157.9520547945233
-33.78576779026086
-55.13222591362038
-85.93596214511071
213.71428571428925
137.53134796238484
-36.314186851210025
127.69204152249264
177.0000000000034
44.40890688259263
309.47872340425374
-24.243243243242432
592.6666666666637
279.5714285714254
261.6164383561672
27.640412979353272
-42.09691119691039
43.38006230529705
178.59016393442397
159.61538461538797
59.4167259786513
155.79251700680612
-1.925925925926602
169.28301886792832
-48.26462585033973
-18.418867924526864
106.22626262626528
181.26478873239216
-52.959932659932846
27.895104895106144
140.80985915493352
101.30265780731088
86.98333333333588
51.95454545454584
44.44897959183912
259.20491803277855
290.1006825938573
551.2816901408354
272.72413793103476
380.87654320986906
215.46402877698222
-61.521594684385576
219.3197278911565
38.81188118812091
218.89962825278366
231.28707224334175
211.8076923076956
334.3739726027326
26.31305637982541
160.0294117647112
-2.7116788321162204
493.3060498220573
49.4575342465761
190.51291512915472
445.3917525773157
185.7132867132897
-76.59537366548065
43.55165562913959
170.7391304347871
75.64670658683116
157.62068965517722
-53.143283582089765
35.20526315789516
40.91419141914552
155.00334448160476
397.29351535835724
130.3167259786517
-23.829581993569644
159.86956521739685
-98.43846153846201
190.2621359223351
22.636363636365957
106.83132530121014
24.435616438356732
533.4827586206777
65.66666666667099
-1.6509433962248892
29.990415335465435
-59.79361702127719
122.21428571429104
17.4501683501704
277.47222222220705
244.5149501661128
239.7643312101916
5.9771929824576375
75.68407643312364
71.41379310344875
200.63934426230028
152.86996904025278
-27.671929824560877
223.72324723246842
90.88571428571728
79.27210884354241
226.64505119453892
46.313427561839916
39.737735849057486
20.01641791044935
6.692307692308955
161.0689655172461
311.16216216215633
379.12232415901593
105.60769230769401
6.1296296296305
373.4591549295669
271.5490196078275
328.56338028167903
4.27412587412654
188.96282527881263
60.54056939502047
4.263157894738011
76.92409240924377
205.32885906038825
324.17006802720016
44.11724137931097
3.856704980844995
127.39506172840038
-107.80188679245306
117.12408759124301
-22.13892617449453
45.923432343237096
-11.904724409446501
-10.949668874170257
519.9386281588377
15.16363636363694
160.33333333332854
213.3369863013637
286.7551020408163
-3.097902097901364
49.641025641029756
709.1265822784711
170.23333333332675
539.866873065003
-21.290099009900388
44.01510574018462
114.50175438596756
66.78060200669373
468.9999999999955
317.30065359475736
7.97248322147729
390.8032786885097
212.25301204819516
-34.33333333333413
-30.07744360902096
-38.15423728813546
16.44966442953158
68.18429003021612
69.90909090909574
70.87500000000495
76.72222222222453
531.6530612244808
2.746127946128624
-22.259842519685446
301.2556390977341
213.6853146853112
165.68275862068526
425.8817204300968
220.55477031801584
105.23644859813297
-3.832624113474324
30.31060070671475
281.45614035086226
400.8450184501705
58.863945578235985
508.2715231787994
239.74074074073187
6.843137254902821
50.97568389058143
-48.04049844236841
30.205673758866027
245.9387755101936
109.1910828025529
495.1538461538337
400.61812297734485
-41.30839160839035
329.33399209485293
518.9261992619802
21.44897959183878
17.4275362318848
185.47547169811048
5.870229007634858
278.56021505375674
397.16849816849765
564.5172413792955
200.58730158730614
381.0143884892003
195.47037037036858
156.3289902280184
132.8983050847508
409.3448275862029
240.2698412698291
161.45847176080238
69.21276595745204
339.86021505374714
13.004294478528422
289.8892733563897
296.65789473683395
-2.1701298701293013
-78.57870036101107
304.05255474451906
731.6693227091492
-63.686524822692775
47.97619047619207
272.4177215189789
264.7718120805282
84.63076923077193
549.943396226403
-19.22087542087364
528.2969696969602
167.24765100670902
181.6596491228014
125.37123287671469
-28.656410256409785
64.72700729927254
61.8396946564894
276.41935483871356
-2.547058823528232
171.50645161289958
205.42499999999234
116.48450704225598
454.1601423487397
273.17218543045027
-81.68244514106604
87.74172185430899
469.39711191334897
380.7275747508215
245.15384615383695
467.3453237409948
247.1064308681602
12.379245283022442
-21.47752808988588
132.01063829787648
102.57611940298901
-26.01052631578797
-14.62126245847191
21.774468085108083
92.60784982935371
-30.790322580644073
124.52191780822136
431.1428571428403
153.83870967742422
428.4117647058816
405.66666666666407
89.58566552901303
350.61290322579356
269.50359712228794
373.9163879598524
378.9999999999869
206.4204946996462
242.28353909464084
252.69774919612865
55.73981191222892
134.09933774834923
457.13953488371067
102.22727272727454
313.0350877193006
94.70481099656641
532.8983050847323
248.82332155476126
566.8832116788178
57.630434782611616
208.09090909090526
181.99692832764077
513.8648648648582
210.89999999999458
-17.639622641508737
400.85873605946375
175.09180327868512
274.3846153846099
233.5588235294173
173.85380116959485
224.3999999999873
2.427681660900447
371.4919093850996
208.46315789473363
-2.330824372757803
120.21212121212616
231.20338983051334
-19.32149532710129
457.28220858894724
347.52941176469784
697.5347985347855
165.89189189189688
267.84626865671044
-21.853846153843165
212.22624584717238
142.9024390243953
85.25637583892978
-56.07142857142903
46.66701030927956
280.6793893129603
325.11683848797554
-12.65517241379257
36.46274509803976
-16.415384615383758
132.1081081081129
118.93127147766819
40.90350877193026
