0.16666666666666666
0.3333333333333333
0.0
0.0
0.2857142857142857
0.25
0.2
0.0
0.18181818181818182
0.36363636363636365
0.08333333333333333
0.125
0.25
0.17647058823529413
0.23529411764705882
0.16666666666666666
0.16666666666666666
0.05555555555555555
0.21052631578947367
0.05263157894736842
0.15
0.2
0.15
0.0
0.14285714285714285
0.18181818181818182
0.13636363636363635
0.13636363636363635
0.17391304347826086
0.08695652173913043
0.041666666666666664
0.2647058823529412
0.14705882352941177
0.11428571428571428
0.11428571428571428
0.08333333333333333
0.1388888888888889
0.05555555555555555
0.16216216216216217
0.1891891891891892
0.15789473684210525
0.13157894736842105
0.15789473684210525
0.10256410256410256
0.1282051282051282
0.125
0.05
0.1
0.07317073170731707
0.0975609756097561
0.23809523809523808
0.10204081632653061
0.09210526315789473
0.10975609756097561
0.1111111111111111
0.12096774193548387
0.07258064516129033
0.1774193548387097
0.08
0.096
0.047619047619047616
0.09523809523809523
0.12698412698412698
0.1889763779527559
0.18110236220472442
0.15625
0.11403508771929824
0.1506849315068493
0.15503875968992248
0.21705426356589147
0.09230769230769231
0.07758620689655173
0.18461538461538463
0.183206106870229
0.183206106870229
0.1590909090909091
0.12121212121212122
0.15151515151515152
0.21052631578947367
0.15853658536585366
0.18556701030927836
0.22388059701492538
0.3358208955223881
0.1717171717171717
0.1259259259259259
0.29411764705882354
0.25735294117647056
0.23529411764705882
0.23357664233576642
0.24817518248175183
0.18840579710144928
0.2246376811594203
0.18115942028985507
0.06578947368421052
0.2589928057553957
0.2714285714285714
0.24285714285714285
0.14285714285714285
0.24113475177304963
0.20567375886524822
0.21830985915492956
0.2535211267605634
0.24647887323943662
0.2517482517482518
0.21176470588235294
0.14545454545454545
0.11475409836065574
0.1597222222222222
0.1793103448275862
0.08955223880597014
0.0821917808219178
0.17123287671232876
0.136986301369863
0.272108843537415
0.12389380530973451
0.20270270270270271
0.18243243243243243
0.16891891891891891
0.18604651162790697
0.11290322580645161
0.12
0.15053763440860216
0.12
0.13194444444444445
0.13245033112582782
0.03289473684210526
0.08552631578947369
0.08108108108108109
0.11267605633802817
0.11504424778761062
0.07526881720430108
0.0
0.05194805194805195
0.12903225806451613
0.09210526315789473
0.1792452830188679
0.0
0.0641025641025641
0.19745222929936307
0.16560509554140126
0.25316455696202533
0.12025316455696203
0.17721518987341772
0.1069182389937107
0.05405405405405406
0.125
0.09375
0.17829457364341086
0.06832298136645963
0.22981366459627328
0.16447368421052633
0.0547945205479452
0.24752475247524752
0.125
0.2722772277227723
0.0784313725490196
0.18811881188118812
0.19801980198019803
0.13861386138613863
0.07692307692307693
0.02631578947368421
0.16831683168316833
0.19801980198019803
0.11386138613861387
0.06818181818181818
0.05128205128205128
0.07920792079207921
0.16129032258064516
0.20297029702970298
0.04455445544554455
0.12376237623762376
0.15346534653465346
0.17543859649122806
0.18316831683168316
0.10891089108910891
0.17326732673267325
0.05128205128205128
0.21287128712871287
0.14356435643564355
0.19736842105263158
0.06930693069306931
0.16666666666666666
0.12376237623762376
0.17647058823529413
0.15841584158415842
0.18811881188118812
0.18811881188118812
0.16666666666666666
0.15789473684210525
0.12376237623762376
0.11386138613861387
0.1782178217821782
0.05263157894736842
0.19306930693069307
0.13705583756345177
0.21287128712871287
0.2079207920792079
0.1981981981981982
0.16981132075471697
0.14864864864864866
0.09900990099009901
0.08415841584158416
0.14356435643564355
0.24257425742574257
0.13829787234042554
0.08333333333333333
0.1676300578034682
0.0891089108910891
0.18181818181818182
0.13636363636363635
0.07425742574257425
0.1652892561983471
0.07425742574257425
0.13953488372093023
0.1111111111111111
0.15346534653465346
0.046511627906976744
0.15151515151515152
0.04950495049504951
0.14375
0.08235294117647059
0.10752688172043011
0.21468926553672316
0.13
0.1839080459770115
0.16336633663366337
0.11627906976744186
0.23129251700680273
0.21641791044776118
0.2079207920792079
0.09405940594059406
0.07425742574257425
0.19801980198019803
0.16535433070866143
0.21782178217821782
0.12195121951219512
0.08415841584158416
0.15789473684210525
0.18857142857142858
0.2079207920792079
0.1782178217821782
0.10869565217391304
0.13861386138613863
0.21782178217821782
0.04950495049504951
0.11392405063291139
0.17391304347826086
0.10396039603960396
0.13861386138613863
0.08415841584158416
0.1782178217821782
0.16304347826086957
0.29207920792079206
0.09803921568627451
0.1485148514851485
0.2079207920792079
0.08415841584158416
0.18115942028985507
0.24257425742574257
0.18811881188118812
0.16842105263157894
0.12244897959183673
0.13793103448275862
0.15346534653465346
0.16831683168316833
0.07425742574257425
0.1782178217821782
0.15841584158415842
0.1188118811881188
0.12871287128712872
0.16336633663366337
0.19306930693069307
0.13366336633663367
0.12376237623762376
0.24752475247524752
0.25742574257425743
0.16
0.2529411764705882
0.18811881188118812
0.15841584158415842
0.125
0.1595744680851064
0.2079207920792079
0.224
0.30198019801980197
0.26732673267326734
0.20297029702970298
0.2524752475247525
0.20666666666666667
0.21287128712871287
0.12871287128712872
0.19306930693069307
0.22277227722772278
0.2524752475247525
0.19801980198019803
0.2623762376237624
0.17543859649122806
0.2233502538071066
0.11194029850746269
0.13333333333333333
0.13636363636363635
0.14893617021276595
0.21287128712871287
0.17613636363636365
0.3023255813953488
0.18811881188118812
0.2376237623762376
0.2
0.24257425742574257
0.22727272727272727
0.2459016393442623
0.19090909090909092
0.216
0.184
0.08108108108108109
0.21374045801526717
0.13559322033898305
0.2376237623762376
0.11428571428571428
0.1834862385321101
0.18493150684931506
0.15625
0.2623762376237624
0.2722772277227723
0.15384615384615385
0.21287128712871287
0.27722772277227725
0.26732673267326734
0.2376237623762376
0.22277227722772278
0.16901408450704225
0.19607843137254902
0.2222222222222222
0.22077922077922077
0.20540540540540542
0.21428571428571427
0.28217821782178215
0.18421052631578946
0.17204301075268819
0.20714285714285716
0.20353982300884957
0.24752475247524752
0.2376237623762376
0.24752475247524752
0.23267326732673269
0.18571428571428572
0.2722772277227723
0.26732673267326734
0.28217821782178215
0.2722772277227723
0.18811881188118812
0.22093023255813954
0.26732673267326734
0.27722772277227725
0.16336633663366337
0.2722772277227723
0.2112676056338028
0.15841584158415842
0.16428571428571428
0.18811881188118812
0.2376237623762376
0.25742574257425743
0.18292682926829268
0.20297029702970298
0.20168067226890757
0.2623762376237624
0.1937984496124031
0.1702127659574468
0.23267326732673269
0.20418848167539266
0.21287128712871287
0.16831683168316833
0.2079207920792079
0.19767441860465115
0.15384615384615385
0.24257425742574257
0.18085106382978725
0.13043478260869565
0.21782178217821782
0.2376237623762376
0.22929936305732485
0.25742574257425743
0.297029702970297
0.21782178217821782
0.25742574257425743
0.21686746987951808
0.23026315789473684
0.23
0.18811881188118812
0.2215568862275449
0.20754716981132076
0.10256410256410256
0.3069306930693069
0.19306930693069307
0.23404255319148937
0.12195121951219512
0.171875
0.19306930693069307
0.29207920792079206
0.09523809523809523
