0.16666666666666666
0.0
0.3333333333333333
0.2857142857142857
0.14285714285714285
0.125
0.2
0.2
0.18181818181818182
0.09090909090909091
0.3333333333333333
0.1875
0.125
0.17647058823529413
0.11764705882352941
0.16666666666666666
0.2777777777777778
0.3333333333333333
0.21052631578947367
0.3157894736842105
0.25
0.2
0.15
0.23809523809523808
0.38095238095238093
0.22727272727272727
0.09090909090909091
0.13636363636363635
0.17391304347826086
0.17391304347826086
0.125
0.2647058823529412
0.17647058823529413
0.11428571428571428
0.14285714285714285
0.19444444444444445
0.1388888888888889
0.19444444444444445
0.16216216216216217
0.16216216216216217
0.10526315789473684
0.10526315789473684
0.05263157894736842
0.10256410256410256
0.15384615384615385
0.125
0.075
0.05
0.14634146341463414
0.12195121951219512
0.09523809523809523
0.08163265306122448
0.15789473684210525
0.12195121951219512
0.13131313131313133
0.10483870967741936
0.21774193548387097
0.12903225806451613
0.176
0.224
0.14285714285714285
0.14285714285714285
0.1984126984126984
0.11023622047244094
0.11811023622047244
0.1328125
0.16666666666666666
0.2054794520547945
0.17829457364341086
0.18604651162790697
0.2153846153846154
0.12931034482758622
0.13846153846153847
0.1297709923664122
0.16793893129770993
0.12878787878787878
0.14393939393939395
0.07575757575757576
0.19548872180451127
0.13414634146341464
0.17525773195876287
0.21641791044776118
0.12686567164179105
0.16161616161616163
0.25925925925925924
0.22794117647058823
0.18382352941176472
0.19852941176470587
0.11678832116788321
0.19708029197080293
0.21014492753623187
0.15217391304347827
0.15217391304347827
0.18421052631578946
0.17985611510791366
0.17142857142857143
0.20714285714285716
0.2642857142857143
0.1702127659574468
0.14893617021276595
0.19014084507042253
0.2112676056338028
0.19014084507042253
0.18181818181818182
0.17647058823529413
0.23636363636363636
0.14754098360655737
0.18055555555555555
0.16551724137931034
0.13432835820895522
0.2602739726027397
0.21232876712328766
0.15753424657534246
0.19727891156462585
0.1504424778761062
0.13513513513513514
0.12837837837837837
0.25
0.17054263565891473
0.08064516129032258
0.13333333333333333
0.15053763440860216
0.26
0.1527777777777778
0.15894039735099338
0.27631578947368424
0.17105263157894737
0.14864864864864866
0.07042253521126761
0.21238938053097345
0.0967741935483871
0.0975609756097561
0.19480519480519481
0.18064516129032257
0.09210526315789473
0.14150943396226415
0.05263157894736842
0.23717948717948717
0.20382165605095542
0.28662420382165604
0.1962025316455696
0.34177215189873417
0.17088607594936708
0.15723270440251572
0.10810810810810811
0.15625
0.35
0.16279069767441862
0.2857142857142857
0.11180124223602485
0.1513157894736842
0.3013698630136986
0.0891089108910891
0.125
0.20297029702970298
0.058823529411764705
0.0891089108910891
0.21782178217821782
0.0891089108910891
0.10256410256410256
0.02631578947368421
0.28217821782178215
0.09900990099009901
0.19801980198019803
0.22727272727272727
0.02564102564102564
0.12871287128712872
0.1827956989247312
0.2079207920792079
0.3069306930693069
0.12376237623762376
0.22772277227722773
0.16666666666666666
0.20297029702970298
0.04455445544554455
0.2524752475247525
0.1282051282051282
0.2376237623762376
0.09405940594059406
0.05263157894736842
0.14356435643564355
0.12222222222222222
0.12871287128712872
0.09803921568627451
0.10891089108910891
0.12376237623762376
0.11386138613861387
0.2111111111111111
0.19298245614035087
0.23267326732673269
0.19801980198019803
0.04455445544554455
0.07894736842105263
0.06435643564356436
0.06091370558375635
0.11386138613861387
0.16336633663366337
0.16216216216216217
0.07547169811320754
0.05405405405405406
0.019801980198019802
0.0297029702970297
0.13366336633663367
0.10891089108910891
0.11702127659574468
0.125
0.10982658959537572
0.06435643564356436
0.15151515151515152
0.09090909090909091
0.04455445544554455
0.15702479338842976
0.07425742574257425
0.20930232558139536
0.1164021164021164
0.14356435643564355
0.023255813953488372
0.15151515151515152
0.024752475247524754
0.225
0.09411764705882353
0.25806451612903225
0.192090395480226
0.07
0.12643678160919541
0.26732673267326734
0.09302325581395349
0.21768707482993196
0.1791044776119403
0.16336633663366337
0.04455445544554455
0.04950495049504951
0.1485148514851485
0.15748031496062992
0.09900990099009901
0.0975609756097561
0.06930693069306931
0.06766917293233082
0.26285714285714284
0.24752475247524752
0.14356435643564355
0.13043478260869565
0.1188118811881188
0.22277227722772278
0.019801980198019802
0.06329113924050633
0.10869565217391304
0.034653465346534656
0.08415841584158416
0.07920792079207921
0.0594059405940594
0.14130434782608695
0.16831683168316833
0.0784313725490196
0.1188118811881188
0.054455445544554455
0.0891089108910891
0.18840579710144928
0.16336633663366337
0.13861386138613863
0.17894736842105263
0.16326530612244897
0.1896551724137931
0.10891089108910891
0.2079207920792079
0.08415841584158416
0.21287128712871287
0.06930693069306931
0.07920792079207921
0.10396039603960396
0.1188118811881188
0.15346534653465346
0.13861386138613863
0.0891089108910891
0.19801980198019803
0.17326732673267325
0.2
0.18823529411764706
0.07920792079207921
0.054455445544554455
0.23214285714285715
0.13829787234042554
0.039603960396039604
0.2
0.11386138613861387
0.15841584158415842
0.10396039603960396
0.19801980198019803
0.19333333333333333
0.07920792079207921
0.12376237623762376
0.29207920792079206
0.06930693069306931
0.1485148514851485
0.1485148514851485
0.19801980198019803
0.21052631578947367
0.16751269035532995
0.14925373134328357
0.15555555555555556
0.18181818181818182
0.14893617021276595
0.10396039603960396
0.29545454545454547
0.16279069767441862
0.28217821782178215
0.30198019801980197
0.18461538461538463
0.17326732673267325
0.17045454545454544
0.17486338797814208
0.13636363636363635
0.2
0.16
0.05405405405405406
0.11450381679389313
0.1694915254237288
0.1188118811881188
0.15714285714285714
0.1743119266055046
0.14383561643835616
0.16666666666666666
0.12871287128712872
0.08415841584158416
0.15384615384615385
0.19801980198019803
0.18316831683168316
0.1782178217821782
0.20297029702970298
0.21287128712871287
0.1619718309859155
0.24183006535947713
0.1574074074074074
0.3116883116883117
0.24864864864864866
0.11904761904761904
0.024752475247524754
0.11842105263157894
0.11827956989247312
0.15
0.17699115044247787
0.1782178217821782
0.10396039603960396
0.28217821782178215
0.24257425742574257
0.22142857142857142
0.09405940594059406
0.07920792079207921
0.0891089108910891
0.15841584158415842
0.1485148514851485
0.18604651162790697
0.15346534653465346
0.16336633663366337
0.24752475247524752
0.16336633663366337
0.18309859154929578
0.2079207920792079
0.17857142857142858
0.1188118811881188
0.1782178217821782
0.19306930693069307
0.21951219512195122
0.06930693069306931
0.15126050420168066
0.18811881188118812
0.1937984496124031
0.1702127659574468
0.16336633663366337
0.19895287958115182
0.16336633663366337
0.31683168316831684
0.2722772277227723
0.1569767441860465
0.17307692307692307
0.1485148514851485
0.11702127659574468
0.21739130434782608
0.21782178217821782
0.27722772277227725
0.2611464968152866
0.15841584158415842
0.17326732673267325
0.10891089108910891
0.17326732673267325
0.19879518072289157
0.21710526315789475
0.16
0.1188118811881188
0.2275449101796407
0.16981132075471697
0.15384615384615385
0.0594059405940594
0.19801980198019803
0.1276595744680851
0.0975609756097561
0.140625
0.23267326732673269
0.039603960396039604
0.07142857142857142
